0.000000
0.000000
0.000000
0.000143
0.002076
0.009445
0.026701
0.057818
0.105612
0.171615
0.256238
0.359044
0.479018
0.614791
0.764812
0.927467
1.101164
1.284384
1.475706
1.673829
1.877573
2.085878
2.297799
2.512497
2.729235
2.947363
3.166314
3.385590
3.604762
3.823454
4.041344
4.258152
4.473639
4.687600
4.899860
5.110271
5.318709
5.525068
5.729263
5.931222
6.130889
6.328218
6.523173
6.715729
6.905868
7.093578
7.278853
7.461694
7.642103
7.820090
7.995664
8.168840
8.339635
8.508066
8.674153
8.837918
8.999384
9.158575
9.315515
9.470229
9.622744
9.773085
9.921279
10.067353
10.211334
10.353249
10.493125
10.630989
10.766868
10.900789
11.032778
11.162862
11.291068
11.417421
11.541947
11.664672
11.785621
11.904819
12.022292
12.138063
12.252157
12.364598
12.475410
12.584615
12.692237
12.798298
12.902822
13.005829
13.107343
13.207384
13.305974
13.403134
13.498884
13.593245
13.686236
13.777879
13.868191
13.957193
14.044904
14.131341
14.216524
14.300471
14.383200
14.464728
14.545072
14.624251
14.702280
14.779177
14.854958
14.929639
15.003236
15.075764
15.147240
15.217679
15.287095
15.355504
15.422919
15.489356
15.554829
15.619352
15.682938
15.745601
15.807354
15.868211
15.928185
15.987288
16.045533
16.102933
16.159500
16.215246
16.270182
16.324321
16.377674
16.430253
16.482069
16.533132
16.583455
16.633046
16.681919
16.730081
16.777545
16.824319
16.870415
16.915842
16.960609
17.004726
17.048203
17.091049
17.133273
17.174885
17.215892
17.256304
17.296129
17.335376
17.374054
17.412170
17.449733
17.486751
17.523231
17.559182
17.594611
17.629526
17.663934
17.697842
17.731258
17.764190
17.796643
17.828625
17.860143
17.891204
17.921813
17.951979
17.981706
18.011002
18.039873
18.068325
18.096363
18.123995
18.151226
18.178061
18.204507
18.230569
18.256252
18.281563
18.306507
18.331088
18.355313
18.379186
18.402712
18.425897
18.448746
18.471263
18.493453
18.515320
18.536871
18.558109
18.579038
18.599664
18.619990
18.640021
18.659761
18.679215
18.698387
18.717280
18.735899
18.754248
18.772330
18.790150
18.807711
18.825017
18.842073
18.858880
18.875444
18.891767
18.907853
18.923706
18.939329
18.954725
18.969897
18.984849
18.999584
19.014106
19.028416
19.042519
19.056417
19.070113
19.083611
19.096912
19.110021
19.122939
19.135670
19.148216
19.160580
19.172764
19.184772
19.196605
19.208266
19.219759
19.231084
19.242245
19.253244
19.264083
19.274765
19.285292
19.295666
19.305890
19.315965
19.325894
19.335679
19.345322
19.354825
19.364189
19.373418
19.382513
19.391476
19.400309
19.409014
19.417592
19.426046
19.434377
19.442587
19.450678
19.458652
19.466510
19.474253
19.481885
19.489405
19.496817
19.504121
19.511318
19.518412
19.525402
19.532291
19.539080
19.545770
19.552364
19.558861
19.565264
19.571575
19.577793
19.583922
19.589961
19.595913
19.601779
19.607559
19.613255
19.618869
19.624401
19.629853
19.635226
19.640521
19.645739
19.650881
19.655948
19.660942
19.665864
19.670714
19.675494
19.680204
19.684846
19.689421
19.693929
19.698371
19.702750
19.707064
19.711316
19.715507
19.719636
19.723706
19.727716
19.731669
19.735563
19.739402
19.743184
19.746912
19.750586
19.754206
19.757774
19.761290
19.764755
19.768170
19.771535
19.774851
19.778119
19.781340
19.784514
19.787642
19.790724
19.793762
19.796755
19.799705
19.802613
19.805478
19.808302
19.811084
19.813826
19.816529
19.819192
19.821816
19.824403
19.826952
19.829463
19.831939
19.834378
19.836782
19.839152
19.841486
19.843787
19.846055
19.848289
19.850491
19.852662
19.854800
19.856908
19.858985
19.861032
19.863049
19.865037
19.866996
19.868927
19.870829
19.872704
19.874552
19.876373
19.878167
19.879936
19.881679
19.883396
19.885089
19.886757
19.888400
19.890020
19.891617
19.893190
19.894740
19.896268
19.897774
19.899258
19.900720
19.902161
19.903581
19.904981
19.906360
19.907719
19.909059
19.910379
19.911680
19.912962
19.914225
19.915470
19.916697
19.917907
19.919098
19.920273
19.921430
19.922570
19.923694
19.924802
19.925893
19.926969
19.928029
19.929074
19.930103
19.931118
19.932118
19.933103
19.934074
19.935031
19.935974
19.936904
19.937820
19.938722
19.939612
19.940488
19.941352
19.942203
19.943042
19.943869
19.944684
19.945487
19.946278
19.947058
19.947826
19.948584
19.949330
19.950066
19.950790
19.951505
19.952209
19.952902
19.953586
19.954260
19.954924
19.955578
19.956223
19.956858
19.957485
19.958102
19.958710
19.959309
19.959900
19.960482
19.961056
19.961621
19.962178
19.962727
19.963268
19.963801
19.964327
19.964845
19.965355
19.965858
19.966354
19.966842
19.967323
19.967798
19.968265
19.968726
19.969180
19.969627
19.970068
19.970502
19.970931
19.971353
19.971769
19.972178
19.972582
19.972980
19.973372
19.973759
19.974140
19.974515
19.974885
19.975250
19.975609
19.975963
19.976312
19.976656
19.976995
19.977329
19.977658
19.977982
19.978302
19.978617
19.978927
19.979233
19.979535
19.979832
19.980124
19.980413
19.980697
19.980978
19.981254
19.981526
19.981794
19.982058
19.982319
19.982575
19.982828
19.983078
19.983323
19.983565
19.983804
19.984039
19.984271
19.984499
19.984724
19.984946
19.985164
19.985380
19.985592
19.985801
19.986007
19.986210
19.986411
19.986608
19.986802
19.986994
19.987183
19.987369
19.987552
19.987733
19.987911
19.988087
19.988259
19.988430
19.988598
19.988763
19.988927
19.989087
19.989246
19.989402
19.989556
19.989707
19.989857
19.990004
19.990149
19.990292
19.990433
19.990572
19.990709
19.990844
19.990977
19.991108
19.991237
19.991364
19.991489
19.991613
19.991735
19.991855
19.991973
19.992090
19.992204
19.992318
19.992429
19.992539
19.992647
19.992754
19.992859
19.992963
19.993065
19.993166
19.993265
19.993363
19.993459
19.993554
19.993648
19.993740
19.993831
19.993920
19.994009
19.994096
19.994181
19.994266
19.994349
19.994431
19.994512
19.994592
19.994670
19.994748
19.994824
19.994899
19.994973
19.995046
19.995118
19.995189
19.995259
19.995328
19.995396
19.995462
19.995528
19.995593
19.995657
19.995720
19.995782
19.995844
19.995904
19.995964
19.996022
19.996080
19.996137
19.996193
19.996248
19.996303
19.996356
19.996409
19.996462
19.996513
19.996564
19.996613
19.996663
19.996711
19.996759
19.996806
19.996852
19.996898
19.996943
19.996988
19.997031
19.997074
19.997117
19.997159
19.997200
19.997241
19.997281
19.997320
19.997359
19.997398
19.997435
19.997473
19.997509
19.997546
19.997581
19.997616
19.997651
19.997685
19.997719
19.997752
19.997784
19.997817
19.997848
19.997880
19.997910
19.997941
19.997971
19.998000
19.998029
19.998058
19.998086
19.998114
19.998141
19.998168
19.998195
19.998221
19.998247
19.998273
19.998298
19.998322
19.998347
19.998371
19.998394
19.998418
19.998441
19.998463
19.998486
19.998508
19.998529
19.998551
19.998572
19.998593
19.998613
19.998633
19.998653
19.998673
19.998692
19.998711
19.998730
19.998748
19.998766
19.998784
19.998802
19.998819
19.998837
19.998854
19.998870
19.998887
19.998903
19.998919
19.998934
19.998950
19.998965
19.998980
19.998995
19.999010
19.999024
19.999038
19.999052
19.999066
19.999080
19.999093
19.999106
19.999119
19.999132
19.999145
19.999157
19.999169
19.999181
19.999193
19.999205
19.999217
19.999228
19.999239
19.999250
19.999261
19.999272
19.999283
19.999293
19.999303
19.999314
19.999324
19.999333
19.999343
19.999353
19.999362
19.999371
19.999380
19.999390
19.999398
19.999407
19.999416
19.999424
19.999433
19.999441
19.999449
19.999457
19.999465
19.999473
19.999481
19.999488
19.999496
19.999503
19.999510
19.999517
19.999524
19.999531
19.999538
19.999545
19.999551
19.999558
19.999564
19.999571
19.999577
19.999583
19.999589
19.999595
19.999601
19.999607
19.999613
19.999618
19.999624
19.999629
19.999635
19.999640
19.999645
19.999651
19.999656
19.999661
19.999666
19.999671
19.999675
19.999680
19.999685
19.999689
19.999694
19.999698
19.999703
19.999707
19.999711
19.999716
19.999720
19.999724
19.999728
19.999732
19.999736
19.999740
19.999743
19.999747
19.999751
19.999755
19.999758
19.999762
19.999765
19.999769
19.999772
19.999775
19.999779
19.999782
19.999785
19.999788
19.999791
19.999794
19.999797
19.999800
19.999803
19.999806
19.999809
19.999812
19.999815
19.999817
19.999820
19.999823
19.999825
19.999828
19.999830
19.999833
19.999835
19.999838
19.999840
19.999842
19.999845
19.999847
19.999849
19.999851
19.999854
19.999856
19.999858
19.999860
19.999862
19.999864
19.999866
19.999868
19.999870
19.999872
19.999874
19.999876
19.999878
19.999879
19.999881
19.999883
19.999885
19.999886
19.999888
19.999890
19.999891
19.999893
19.999894
19.999896
19.999898
19.999899
19.999901
19.999902
19.999903
19.999905
19.999906
19.999908
19.999909
19.999910
19.999912
19.999913
19.999914
19.999916
19.999917
19.999918
19.999919
19.999921
19.999922
19.999923
19.999924
19.999925
19.999926
19.999927
19.999928
19.999929
19.999931
19.999932
19.999933
19.999934
19.999935
19.999936
19.999937
19.999937
19.999938
19.999939
19.999940
19.999941
19.999942
19.999943
19.999944
19.999945
19.999945
19.999946
19.999947
19.999948
19.999949
19.999949
19.999950
19.999951
19.999952
19.999952
19.999953
19.999954
19.999955
19.999955
19.999956
19.999957
19.999957
19.999958
19.999959
19.999959
19.999960
19.999960
19.999961
19.999962
19.999962
19.999963
19.999963
19.999964
19.999964
19.999965
19.999965
19.999966
19.999967
19.999967
19.999968
19.999968
19.999969
19.999969
19.999970
19.999970
19.999970
19.999971
19.999971
19.999972
19.999972
19.999973
19.999973
19.999974
19.999974
19.999974
19.999975
19.999975
19.999976
19.999976
19.999976
19.999977
19.999977
19.999977
19.999978
19.999978
19.999978
19.999979
19.999979
19.999979
19.999980
19.999980
19.999980
19.999981
19.999981
19.999981
19.999982
19.999982
19.999982
19.999983
19.999983
19.999983
19.999983
19.999984
19.999984
19.999984
19.999984
19.999985
19.999985
19.999985
19.999985
19.999986
19.999986
19.999986
19.999986
19.999987
19.999987
19.999987
19.999987
19.999987
19.999988
19.999988
19.999988
19.999988
19.999988
19.999989
19.999989
19.999989
19.999989
19.999989
19.999990
19.999990
19.999990
19.999990
19.999990
19.999990
19.999991
